'''f = open('9.csv', 'r', encoding='UTF-8')
f_lines = list(map(lambda x: x.split(','), f.read().split('\n'))) 
data = dict()
for elem in f_lines[0]:
    ind = f_lines[0].index(elem)
    data[elem] = [float(f_lines[i][ind]) for i in range(1, 101)]
f.close() 
print(data)'''


data = {'Ветер:А': [6.397097244774148, 6.3282982895376145, 6.39147917999936, 6.365261586307131, 6.077489186606757, 6.472482393802085, 6.074759937599733, 6.607830914473718, 6.204075368608578, 6.287372147259514, 6.378943408394798, 6.333014174892784, 6.547420216649896, 6.1836645060552655, 6.507730072732736, 7.081581316738056, 7.484273419754802, 9.556648737421417, 8.602500888512706, 8.635609166109804, 8.639584808734497, 8.552218636293269, 10.586975431908282, 11.678069102570557, 11.22381611655902, 11.633878797940094, 11.260063101950818, 11.667569161894093, 12.154999184518362, 11.739247070297994, 9.717693473646886, 10.71786245761238, 8.654195056354764, 7.626044952977979, 7.665727205546457, 7.585988227002405, 7.671465912807939, 8.416321816385885, 7.6033936516518486, 8.603720537755125, 8.520721512099499, 8.463036713911983, 8.365191301179983, 8.087603204851753, 7.740489060417309, 7.240810547459312, 7.774572409023893, 8.117571523796562, 8.502384389824464, 9.065342693686777, 11.004041249090726, 10.039786528424314, 9.678555743493122, 10.23188244323548, 12.16015974148092, 13.112865908006185, 12.695183744091395, 12.283212710668096, 14.247081891295284, 13.309503802413317, 13.330014212796407, 13.393349886962797, 13.333049798145801, 11.328789594706446, 12.281980175245916, 11.641499852255066, 10.891200438518132, 11.925348537152722, 9.862575181912716, 8.880316255076353, 8.594703526284308, 8.207941495155058, 8.610123264612783, 8.20311480636553, 7.729335171052947, 7.819032695131896, 7.78146520638902, 7.757271548240109, 8.537375654441488, 9.319840644476063, 8.341258317088345, 7.977461073885618, 8.420876681952137, 10.439728047916951, 11.535003841428926, 10.77097225761372, 9.882964902597283, 8.826753671165273, 8.847913612560088, 8.926349008449801, 9.004616797709511, 8.937851443615118, 8.851276422254168, 8.843208479752358, 8.083917666352754, 7.360249660572357, 6.319820173126071, 4.405102424189462, 3.4573894493906967, 5.498819530687433], 'Ветер:Б': [5.255445439533717, 5.442549236811842, 5.0056241788043865, 4.633772331671845, 5.052869643198044, 5.438913080084066, 5.553862071162741, 5.8854727407996785, 6.2949126202447445, 6.703690205633455, 6.386671383317987, 6.8438206409006925, 7.359947020490838, 7.610007528223975, 7.939140345936377, 7.56578040222761, 7.0666746665555955, 7.498577621540751, 7.658793854320508, 8.12736867566722, 7.708136455896033, 8.155349769004612, 8.49486775273887, 7.69935520514126, 8.556821110630318, 9.571362078699613, 9.626717499595438, 9.565823259767608, 9.543612394346109, 7.479416122680803, 8.469692384290482, 8.538710449161494, 8.571698918890448, 8.667920002767534, 9.062700444519312, 9.651454028519499, 9.40312850420852, 9.008625286711684, 8.629955406835284, 9.043667312996293, 9.404524196684676, 9.123837404750207, 9.437887098299806, 8.994815871167004, 9.566328856773335, 10.061938348375522, 9.77294223806554, 10.23262789098208, 9.8731014664643, 10.332199760064533, 10.672597594589313, 10.565208552613402, 11.008688306921213, 11.417017492804533, 11.010059137467705, 10.613398210121112, 12.61341242388242, 11.679846520263954, 13.612939858940448, 12.608977900394603, 14.700449362752497, 13.744141553032852, 12.99875018751689, 12.170629640594525, 11.252077062032157, 11.338373473145129, 11.29793797305499, 11.313228702573014, 11.00871377842886, 10.426038306829689, 10.866522031641194, 10.415997504511765, 10.399695360205342, 10.47773531980113, 10.503002784526672, 10.109579727706816, 9.56595566373123, 7.5286533033021446, 8.502847971995141, 8.534344672906535, 8.45758830804353, 8.550107877490046, 8.476342226362858, 8.499076792741144, 8.531435713947547, 7.761549309542512, 8.515199934590942, 9.511907659161073, 8.816590826782807, 9.629070395125314, 10.627558555023, 9.931923084820223, 9.13430465666725, 10.15100054511905, 10.000785252915158, 9.625545865073176, 9.291582473173818, 8.807362985735372, 8.455115749065715, 8.172960237015293], 'Ветер:В': [3.7717787988930906, 3.28070490473264, 3.841358704039237, 4.5735679213976175, 5.338780372760541, 6.385331998850814, 6.995221795705944, 7.839414698974409, 8.846396790445123, 8.936531308561223, 8.988285317212735, 8.959819849151765, 8.80723601681556, 8.47693000681324, 8.85608803861269, 8.398741085513183, 7.964318635839045, 9.981448559743344, 9.045308668810604, 9.22645888854498, 8.88709604433956, 9.218795546171627, 8.669524523560575, 8.298020521882941, 6.351136861872444, 7.280420739936741, 7.556283804333885, 8.049814487751869, 8.52859630109007, 8.930509344347634, 8.458885875842086, 8.811440028265636, 9.294461748774816, 9.705783780816475, 9.275571174661831, 11.362214434830257, 12.424738761150223, 10.459302988020465, 9.375522610453853, 9.83615069027835, 9.316623436668095, 9.299850071982776, 9.236497344757423, 9.216469155459144, 9.300531491487162, 9.391604580620339, 9.429025659274277, 11.449550541479404, 12.4602047896257, 11.816103578739261, 10.95887775033083, 11.950342320111934, 9.99514797488542, 10.989852400574087, 11.449778537754261, 11.994516600325863, 9.975202511909671, 8.939257316941433, 11.005480623158453, 11.937368672724359, 12.66636843275694, 13.377203954556457, 12.38935965229994, 12.009283116695125, 12.574231415111838, 12.200056392410708, 11.613576271236804, 9.622381587266764, 10.696588448972037, 10.771753999645702, 10.705607264681412, 10.730246702471833, 8.788274789518006, 7.81485621630399, 7.885823183466174, 7.800932189276747, 7.816603987369067, 7.787888516635555, 7.7375265018593185, 7.83294605149609, 5.929657731301365, 6.97069808694318, 7.187393375241481, 7.630043215781409, 7.93685085034073, 7.411461975596408, 6.970343324161364, 7.7196869788303815, 6.981683914399208, 7.921375562319442, 8.313812546615148, 8.727126303734355, 8.733864377367823, 8.743915722434647, 8.645858565408473, 6.649658600537567, 7.665334433943135, 6.999987332423433, 6.127286917545466, 5.1178365859859465], 'Ветер:Г': [6.525312505516796, 7.224296682834002, 6.330809216425809, 5.29283599223046, 5.282174640837752, 5.300710329054912, 5.372976157415251, 5.338725368841177, 5.342728504078327, 5.420695720349507, 5.76653485114004, 6.282602107153885, 6.708339716521014, 6.230809002750901, 6.914977334612243, 7.807608861630595, 8.788597576063749, 8.444608772337043, 8.901775441233655, 8.971197502323234, 8.96720712482018, 9.013380650338798, 8.930250104659228, 8.909009225539876, 8.945536082558956, 9.421392376123483, 9.927399394486672, 10.554865069115857, 9.788203658963592, 10.883993628256977, 10.804987079458769, 10.849688227381328, 10.855304673647856, 8.951890743372749, 7.953590538696534, 7.496918962602884, 7.988601051338489, 9.917045077213094, 10.945592870164592, 11.031920171286488, 10.959581787099953, 11.038539469965357, 11.130090820896745, 11.05439026370677, 11.11194351767177, 11.717821566695122, 10.99848577534644, 11.975527024154077, 11.627973200180358, 12.225420911864646, 12.644989558822216, 13.181151630896263, 13.553852397258742, 12.972851024080818, 12.96120024890498, 12.917302122011824, 12.868904379159112, 13.140462290421759, 13.55995162877219, 13.93398304632305, 14.36211578026735, 13.9501905482359, 13.491908786954852, 13.046360598073663, 13.020660529778446, 12.980281735157497, 12.974635457104503, 11.069784862249954, 9.983943916912317, 9.74985036390494, 10.200748889598982, 10.555908536297938, 11.090002979395262, 10.59191365236685, 10.534246125147838, 10.527358366143137, 10.612423513129468, 10.245018119644083, 9.702078815443889, 7.659078377010329, 6.658565019177915, 6.36668376306892, 6.850365359936991, 7.243546400530688, 6.7107867785123, 7.102728659776841, 7.422845086614306, 7.91799337940644, 9.923610853827622, 10.88884354412682, 8.84815981524252, 7.881979800255432, 8.098609303967063, 8.468921200949714, 8.121786256862332, 7.641049779444886, 7.1719212148187585, 6.4900245998695985, 5.662650208577794, 6.569066693393424], 'Ветер:Д': [5.53126523710128, 4.763805970115694, 5.553755480682224, 4.557413240477074, 4.529547473151403, 4.6160660597323515, 4.6278297276535625, 6.534297461103149, 7.441343616650875, 7.379762945807373, 7.331800800403001, 7.286766281682202, 7.289417914943038, 7.305609105451968, 7.318444650459012, 7.5779657602840835, 7.130967687799558, 7.441571032709739, 8.020357136348204, 7.5894694615976945, 7.898988723123815, 8.404021713718116, 10.421182768825952, 11.449694062403276, 9.45589516679114, 10.373566878560277, 9.680872290145698, 10.500248386299193, 11.55349610246714, 11.453660643601362, 11.360431404905277, 11.320542982339202, 11.023109633791023, 10.645730362296238, 10.976332328568663, 10.465703378438, 10.095336004059705, 10.872362705817707, 10.006067489749242, 9.049167531143071, 9.205735287813791, 9.629314909178314, 9.199889754600386, 9.681749256581865, 10.014142375347703, 7.944044032859102, 8.845844304972449, 9.005926028019974, 9.459439468019447, 9.819670752140787, 10.272204914769985, 10.744261633922157, 11.10427334209328, 10.653257210038456, 10.687852791629702, 10.739224825920514, 10.776977977849693, 10.852616769735409, 10.858555544066528, 10.789089147544907, 11.247427473326958, 10.723365048690216, 10.979079206269313, 10.629850773010343, 11.013253699047267, 10.493661276549178, 10.150746496671227, 10.761781358932318, 9.883808004278986, 10.817770709838477, 10.984941033274817, 10.537585623831568, 10.902612134824198, 11.346451638927382, 10.989641797030785, 10.703025162999614, 10.372759799535016, 10.035806754884968, 10.559400659194198, 10.223335426364859, 10.168042607097995, 10.168233707164593, 10.06924751758275, 9.573081810004348, 8.98747634995064, 8.557240154739947, 9.134526372691237, 11.222653704067543, 12.257151721835285, 10.332742953530396, 11.322716506041294, 11.273421792290298, 11.215432672356085, 11.2866630398092, 10.928972320476326, 10.50598464230925, 10.149881999322039, 9.57307280557717, 8.895224374699545, 8.184326077289748], 'Ветер:Е': [7.816281121691185, 5.727034993945795, 6.718786425040184, 6.636281162643295, 6.64377282035054, 6.547169689507576, 4.603251763821383, 5.686355946594528, 7.588228747343044, 8.63624279677053, 8.649512514729432, 8.645949276409272, 8.681997775255766, 8.78804815055626, 9.208865012829477, 9.686760867335057, 10.2374126554609, 9.919869006580187, 9.882719169831397, 9.891851008040197, 9.920405984533271, 10.649100085983141, 9.862790427594978, 10.928767546926567, 10.966057759474635, 10.895107660340182, 10.96213729584112, 8.930120727836789, 9.830871119146863, 9.036608772268897, 8.334251332167979, 7.38815717303221, 6.954015338522512, 6.511735647768931, 7.154217351608275, 7.988242928325887, 8.99235436585078, 9.642767695437984, 8.763608342169116, 7.787890655111628, 7.02742243019975, 7.881620691766395, 8.940729485378716, 8.581853628213329, 8.012888555378554, 7.240718809270582, 7.961538816105846, 8.883371487399945, 10.92258918233293, 12.006608073628088, 12.721830160227855, 13.468244493402565, 14.511852627976483, 14.249519763683493, 13.823094760782908, 13.38168455929358, 12.787711550821506, 13.12493641384301, 13.404817911434826, 13.001261483641489, 13.344151432022326, 12.82319095714854, 12.440772957297842, 12.272346739554935, 11.826725537265986, 11.462620746730325, 10.949818982315051, 11.449206731847589, 11.452162211775827, 11.515942281394555, 11.42700537201797, 10.71487022884928, 11.49104154385493, 10.497325408030834, 10.587792572936392, 10.665756484111732, 10.623113951166225, 10.156518173925065, 10.588425797933668, 10.714575457603923, 10.353393910020097, 10.661363783769609, 10.18535448338141, 9.77417526385545, 11.736527491217503, 12.713285149644568, 10.629117771152211, 9.542761685357311, 9.464388410865446, 9.530669669141854, 9.56093676938095, 8.959097244472082, 9.72078535541377, 10.65996767828679, 10.607914286904583, 10.545384973638255, 10.50149102350238, 9.749105565813045, 9.0135870757837, 8.104123013016833], 'Ветер:Ж': [3.7454675633755716, 3.791668739546505, 3.8373813174465576, 3.8874352016078446, 5.89383041310772, 4.955218142053533, 4.663075014285341, 5.011105406715489, 5.334893006521196, 5.910563141138042, 6.34757534857336, 6.761612784723231, 7.357702430647817, 6.750485796666943, 7.574738248571291, 8.654173292079998, 9.124310040427446, 8.586861798803568, 10.619146779186636, 11.557343628687429, 9.622252013230444, 8.619422176802784, 8.648473914483445, 8.632651564981694, 8.540614946698739, 8.17817433260351, 7.767131498366105, 7.4669407113948845, 6.995782838529044, 8.942250341478081, 7.97459015238443, 8.05699895913292, 8.086431147349115, 8.001123912081718, 7.689392523710307, 8.186284021186157, 8.029777476186315, 7.532633681716457, 7.927589489160428, 8.443165437722946, 7.962446329574103, 9.961723700680983, 11.004623929636393, 10.284601291606657, 9.405522515104552, 8.482202065501664, 7.809706924684165, 8.642092255610914, 9.612328043012687, 9.980227495501492, 10.475698268037604, 12.548097617238627, 11.548500858108232, 11.828084666684735, 12.239963625435003, 12.65724170986091, 13.081020067795126, 12.631867201009358, 12.166555215312679, 12.748632000343763, 12.855561478563335, 12.403531135429334, 11.933179751642944, 11.483552227419244, 11.060953174614335, 10.73806576800529, 11.188318717045734, 11.807857913129489, 11.101421323813717, 10.160778182655653, 10.900816953122268, 10.093884179306748, 9.075361141226535, 9.027631916198875, 8.929148449160106, 8.85384431036191, 8.686720745818741, 8.205077653678131, 8.613899419139914, 8.165309882210115, 8.58425626375903, 9.271862814047669, 10.083744366412056, 11.164415201858974, 11.92817304482862, 11.152449543325892, 12.075946367423757, 11.691567943818384, 11.15561025676746, 11.091181128839121, 11.185730622537072, 11.13831384585055, 9.044717650246312, 9.996720154265082, 9.920701934712294, 9.862437443641866, 9.80763661039613, 9.720948139561386, 9.643140805995724, 9.622256373130066], 'Солнце': [0.0, 0.0, 0.0, 0.0, 0.0, 0.0, 0.0, 0.0, 0.0, 0.0, 0.0, 0.0, 0.8783062474147023, 1.3916781278017274, 2.158686500745815, 2.5868195668741305, 3.1280115780911055, 3.515976995290494, 4.196559415111473, 5.104875978462692, 6.004224561872446, 6.925743642151428, 7.901513752313263, 8.855177990297157, 9.72577163202238, 10.521167252328588, 11.28413811441158, 12.028271050622287, 12.314143322983448, 12.445196619930737, 12.611298730751502, 12.726308384071755, 12.886180571448751, 13.02401345290991, 12.344219202521945, 11.512928880701992, 9.926063060204765, 9.487346057192958, 8.839029022732197, 8.127507615815263, 7.215133651735122, 6.314810966874609, 5.433864809484911, 4.504263593310738, 3.8705959770509875, 1.79805327550062, 1.077954205588037, 0.36982794667060365, 0.0, 0.0, 0.0, 0.0, 0.0, 0.0, 0.0, 0.0, 0.0, 0.0, 0.0, 0.0, 0.8975320643025603, 1.4347463904630777, 2.24459381373318, 2.7181270823640147, 3.3373884127247693, 3.784210026102672, 4.521287410468088, 5.413956171345442, 6.316601094773481, 7.234986517554026, 8.127782186586826, 9.045982029167108, 10.151717285980581, 11.173408191087105, 12.202429911255471, 13.270780978180719, 13.875768952079644, 14.297327828242556, 14.5, 14.350305060193353, 14.217698827399003, 14.092078761363407, 13.113467126164808, 11.96539861636478, 9.938845589165146, 9.498055016583958, 8.865442669801295, 8.142881582326634, 7.236819543853257, 6.323460638188997, 5.412184159313601, 4.516239912339596, 3.87003236998088, 1.7990621668850715, 1.089177205932361, 0.3758437455886819, 0.0, 0.0, 0.0, 0.0], 'Больницы': [1.2457591441750497, 1.1134725920105364, 0.9575211469273848, 0.6855759275091967, 0.4821677102436581, 0.6731819314320527, 0.8804212420958188, 1.1090445920815282, 0.9522545197156599, 1.5166238369092908, 1.6191974747393219, 1.9146123036165934, 2.2652214803857857, 2.2777010107621405, 2.9211481292945463, 3.066675253290913, 3.137596393626356, 3.2899184373881343, 3.2985360129199255, 3.298644151355005, 3.087736291149745, 3.067399162836234, 2.7398514259560907, 2.757923053098122, 2.481168169366713, 2.661504098962013, 2.3702191899766256, 2.376114225326816, 2.371337077488027, 2.226697457527054, 2.1486995468631513, 2.1149061032202687, 2.3771479745833006, 2.2781834971356196, 2.160036484977126, 1.9093841893117345, 2.094094198253583, 1.8222387511323648, 1.5374256535864683, 1.3644786573618206, 1.3490306132897487, 1.5027455121368811, 1.2467967771918174, 1.1222140357333323, 1.0673683642299776, 0.8434523266435348, 0.8017880235668049, 1.019493507402073, 1.086356099700803, 1.1168317865176527, 0.9641772938261184, 0.7792922810584076, 0.6436151917691291, 0.6225284926572314, 0.7884161952364459, 1.0070638383381438, 1.087009136420594, 1.2840113888207285, 1.5358393658086116, 1.994456359217718, 2.2615512371787347, 2.427468756375097, 2.7591187673511857, 2.8965636547990936, 2.9239841041628867, 3.05216482999804, 2.901282116065147, 2.991706631890674, 2.966807436109077, 2.8761544164733306, 2.651674276708717, 2.7738873013390175, 2.494737675005713, 2.576975176241712, 2.4214050642725673, 2.2234926013989718, 2.322275615933938, 2.104797847865364, 2.0234408199206664, 2.1596375352947788, 2.2959775516790795, 2.4059296627975835, 2.2531630937444773, 1.9375482237705717, 2.099350800379634, 1.758282325313973, 1.6650152733915269, 1.4952200041329102, 1.4823961930535652, 1.4563389790208154, 1.1708823429519521, 1.1977346624849994, 1.0142638990489992, 0.8683803991061365, 0.8999471607544104, 1.0572116079280076, 1.2776259637712304, 1.3153029827527147, 0.9539061549849138, 0.8377276238750337], 'Заводы': [4.139740809911537, 4.44706094053034, 4.518306842446853, 4.481024344693357, 4.665043405565465, 4.641128137943448, 4.551966615829352, 4.558181814814146, 4.89046835510817, 5.0663304328083205, 4.792611788734291, 5.073814174131549, 5.59364755695799, 5.706535177035269, 5.994517423173023, 6.678642596549815, 6.560791766935252, 6.962273210383437, 6.812678954605301, 6.428791121040202, 6.759437995551393, 6.82215721631974, 7.209231160244574, 7.130109372017236, 7.458334245051689, 8.073921737485989, 8.576855580665917, 8.597619644353806, 8.419422962972366, 8.151337614444246, 8.065467304141329, 8.521888577734149, 8.56123216759354, 8.436481238495691, 8.745403908053488, 8.38980792449372, 7.916291314174021, 7.457051801484768, 6.771955216635964, 6.520172748487184, 6.297615679381053, 5.945306025848697, 5.332790995746456, 5.161582025346592, 4.724178445933739, 4.338194702703092, 3.9886077248616236, 3.963720527355908, 4.418845451986519, 4.14313090612837, 4.562933945623357, 4.3291769761412295, 4.697394409327353, 4.620449144536093, 4.853138244424545, 4.9622990787256755, 4.8737477361540655, 5.081334538785145, 4.772324427010652, 5.250132349098311, 5.468194930198736, 5.832742000230155, 5.8486521770545306, 5.993337657302629, 6.1098671584489255, 6.318229912258337, 6.366901619681353, 6.070082716824978, 6.6280666332742655, 7.045664728605521, 6.8430577542029605, 6.76053064921477, 7.765726355058922, 8.550455902719053, 9.20973180519418, 9.448308544799897, 9.293991376293704, 9.089469478762522, 9.59161575802461, 9.752205551722446, 9.771132747825485, 9.163121268721255, 9.221164661254859, 8.92573736332432, 8.158377870310957, 7.587515564625561, 7.337518171243946, 6.623509473172643, 6.565924336178319, 6.005090523580752, 5.875967617231835, 5.352619017522652, 5.170164142344868, 4.696218708851901, 4.4517374894521415, 3.9594522505946403, 4.330138632570954, 4.190871841779063, 4.239481041892357, 4.510957370451945], 'Дома А': [1.6988450539330557, 1.2124030635642913, 0.7691618543957155, 0.6875627815283089, 0.5155046250231516, 0.865765455022667, 0.6241950679066756, 0.685563058137117, 1.0345597764026717, 0.8713760478131661, 0.9187935577584897, 1.0235380352404548, 1.255734761812724, 1.2318078149976373, 1.2095606224066215, 1.549270868717691, 1.3593316202503454, 1.6405729079553302, 1.7064544152420436, 1.7685091183988366, 1.9522742077782569, 2.1404839165691834, 2.182129839680544, 1.862664500762181, 1.5214812910283153, 1.0666934010741789, 1.233380428136062, 1.3626172345905494, 1.2453817657985118, 1.3049987612991214, 1.2573649083484457, 1.3197499709919727, 1.5514058873310301, 1.615411068580594, 1.7976917345494532, 2.4082642227563498, 2.7614637158287323, 3.003040006615236, 3.0657925643884227, 3.835351224803608, 3.9845354877312458, 4.365492559220455, 4.081952101994321, 4.009296478515679, 3.422777065624089, 2.7643026116141973, 2.374255101271493, 1.9273928233444995, 1.3126429379310143, 1.311507054527072, 0.6948309851780465, 0.9057305622053732, 0.5756607337258322, 0.5903933908051213, 0.9117757268133602, 0.8691639119388452, 1.071199645337436, 0.9886627853852678, 0.8884409621763445, 0.8588524889891801, 1.3211025774386185, 1.3135325524863901, 1.4692615808321146, 1.5321284170020093, 1.5324886171291534, 1.6783882311823715, 1.7731312486168758, 1.7083666843023058, 1.8217772383516588, 2.1695695944192015, 1.7258691519884994, 1.5745698829093473, 1.5355730976693653, 1.160080811374114, 1.3407571501453437, 1.0038496556256447, 1.1065381410724062, 1.050709702494144, 1.4970565725374723, 1.622967380554818, 1.409079304219503, 2.100015341789757, 2.003881407369038, 2.0922543800813194, 2.8434795951147755, 2.888792564793937, 2.993922348157199, 3.835981940295265, 4.079232021852444, 4.445283404355894, 4.289715922487351, 3.8488385536366536, 3.3389453434646645, 3.035157634740264, 2.417658111659208, 2.0582107645349264, 1.4197955445627803, 1.2325258874479454, 0.8877676735730019, 0.8596801354638384], 'Дома Б': [0.9537182447492546, 1.113103084164094, 1.0220248581274394, 0.5708368079087922, 0.8299069371770834, 1.1225169945999305, 1.1126222700404873, 0.8969600825702151, 1.3319041907026894, 1.0736718844005426, 1.3730396043028423, 1.3834404611597215, 1.5056927332017473, 1.4889104825980741, 1.788840301128324, 1.6643271008662595, 2.1569235514276968, 2.4234712594241, 2.2712557188629847, 1.9830862490539918, 1.3513375211309007, 1.6116042220484434, 1.0830599160743413, 1.2592578711095332, 1.1437891424787339, 1.3853938261852627, 1.6465468535553698, 1.386737086368826, 1.718931232340669, 1.8465367770059817, 2.202156640718353, 2.0180077491736372, 2.678161411489345, 2.975176970754921, 3.4246638568148198, 3.4778477050607064, 3.5859353749415668, 3.382469959794383, 3.449380595386712, 3.5171852387677545, 3.285807224455574, 3.088827720534241, 2.6822973018155145, 2.468196647446115, 1.9843927416785654, 1.695273723044693, 1.1838160509774722, 0.8961028632169452, 1.0195364748683613, 1.125703652751807, 0.8338011932203573, 0.7498465227892892, 1.0095503201812892, 1.0309732247367405, 0.9779616510724798, 1.1275954233661998, 1.1138157443922352, 1.004365969397569, 1.4116947045084145, 1.4623850896544552, 1.5156194684508901, 1.6814834753040848, 1.9734680937400895, 1.7534966284767903, 2.2531154728653986, 2.7525301904378328, 2.3184195613652427, 1.9816478403250297, 1.905365497519115, 1.3608867605741959, 1.2390853474764683, 1.2386656788403634, 1.3701072197325084, 1.2264713420854356, 1.428488222595794, 1.368333057619527, 1.560353019608109, 1.6798017073646458, 2.130792577037911, 2.3571292649361695, 2.6382134842955525, 2.923380827979701, 3.242123475442069, 3.3055758635299592, 3.1186348996619375, 3.480349171228643, 3.206621265992265, 3.307669680486881, 3.422506164326014, 3.057925996198547, 2.5851384008606, 2.376634688346087, 1.9709913624722801, 1.2891714090673132, 1.0291015463418716, 1.010061759957769, 1.1666571466590234, 1.0952127285039233, 0.9414371623074769, 0.8464195164907274]}

wind_speed = data['Ветер:Д']
sun_power = data['Солнце']
houseA_con = data['Дома А']
houseB_con = data['Дома Б']
hosp_con = data['Больницы']
fact_con = data['Заводы']
